8051
11614
9017
6097
6671
6670
9136
11697
92
12787
1006
1012
1018
101
1025
1027
1028
102
1034
103
1040
1046
1049
104
1050
1051
1052
1058
1061
1065
1066
1069
1079
107
1081
1084
1085
1088
1092
1093
1094
1096
1097
1098
1107
110
1110
1112
1116
111
1121
1124
112
1132
1152
1154
1160
1161
1165
1166
1168
1171
1175
1179
1182
1183
1184
1187
118
1195
119
1200
1222
1224
1225
1226
122
1230
1235
1239
123
1246
1250
1252
1258
1259
125
1260
1261
1263
1265
1266
126
1271
1274
127
1280
1283
128
1291
1296
1298
1311
1313
1323
1331
1334
1335
1336
133
1341
1342
1343
1347
1349
1353
1355
1363
1365
1367
1370
1373
1374
1379
1384
1387
1392
1403
1414
1417
1421
1422
1425
1430
1444
1445
1447
1448
1455
1460
1463
1469
1474
147
1485
1487
1492
1494
1495
1498
1502
1505
1509
150
1513
151
152
1535
1536
153
1544
1545
1547
154
1552
1553
1556
1559
1563
1564
1566
1569
1571
1572
1578
1579
1593
1594
1595
159
1601
1603
1607
1614
1618
161
1621
1624
1633
1636
1639
163
1641
1643
1645
1646
1647
1648
1653
1664
1665
1668
1674
1679
167
1680
1681
1685
168
1690
1691
1693
1695
1696
1699
16
1704
1705
1708
1710
1714
1717
1721
1726
1731
1733
1736
1737
173
1743
1746
1748
1750
1754
1756
1757
175
1760
1765
1767
1769
176
1772
1773
1777
1779
177
1780
1784
1789
1795
1801
1804
1809
1811
1813
1815
1819
1825
1826
1828
1841
1844
1846
1849
1851
1859
1863
1867
1868
1870
1874
1878
1885
188
1898
1901
1903
1913
1920
1923
1924
1926
1931
1938
1943
1944
1963
1968
196
1970
1974
1977
1985
1987
1989
198
1992
199
19
2001
2002
2003
2004
2007
200
2010
2012
2013
201
2021
2026
202
2039
203
2042
2046
204
2050
2051
205
2060
2061
2062
2063
2067
2068
207
2089
208
2090
2092
2096
209
20
2100
2104
210
2110
2113
211
2122
2127
2133
2136
2140
2143
2148
2149
2152
2156
2159
215
2167
2182
2185
218
2194
2195
2196
2198
2208
2229
2230
2234
2237
2238
2240
2246
224
2254
2256
225
2262
2269
226
2270
2272
2273
2275
2276
2279
227
2284
2288
2289
228
2292
2294
2297
2299
229
2301
2309
2312
2319
231
2339
233
2341
2346
2351
2356
2361
2364
2368
2374
2380
2384
238
2391
2393
2397
2401
2404
2405
2407
240
2416
242
2436
2437
243
2445
2448
245
2485
2487
2488
248
2491
2494
2496
2498
2499
249
2504
250
2512
2514
2517
2518
2522
2526
252
2531
253
2541
2544
2545
254
2552
2553
255
2568
2570
2573
2574
2577
2587
2588
2589
258
2598
25
2606
2607
2624
2628
2638
263
264
2652
2654
265
2660
2671
2673
2674
2676
2691
2694
26
2712
2724
272
2730
2733
2735
273
2740
2741
2748
274
2754
2762
2764
2769
2775
277
2785
2787
278
27
2812
2817
2825
2827
2834
2836
283
2843
2853
2854
2882
2893
2895
289
28
2909
2910
2911
2919
2920
2925
2930
2943
2946
294
2952
2960
2967
2971
2975
2979
2985
2988
2989
298
2990
2992
2997
2998
2999
29
3003
3006
3008
3020
3021
3025
302
3033
303
3045
3046
3053
3054
3060
3063
3079
307
3082
3088
3090
3094
3097
3098
30
3100
3105
3109
310
3112
3114
3118
3119
311
3125
3132
3135
3137
3138
313
3142
3143
3144
3148
3157
3168
3172
3179
317
3180
3192
3196
319
31
3214
3215
3224
3227
322
3230
3235
3238
3240
3242
3244
3245
3257
3258
3259
3261
3268
3271
3272
3274
3285
3288
3289
3290
32
3307
3314
3318
3319
331
332
3334
3340
3346
3356
3357
335
3361
336
3370
3373
3374
3379
337
3380
3381
3389
3394
3400
3409
340
3411
3417
3433
3436
3440
3446
3448
345
3465
3467
3470
3479
3482
3486
3488
348
3490
3500
3503
3513
3521
3526
3537
353
3541
3546
3547
3551
3553
3554
3557
3559
3564
3567
3571
3584
3587
3588
3592
3595
3598
3606
3607
3618
362
3630
3638
3641
3645
3647
3650
3654
3656
3657
365
3664
3665
366
3675
3679
3681
3691
3698
3699
369
36
3703
3723
3728
3733
3738
373
3744
3747
374
3757
3779
377
3780
3781
3783
3793
3796
3798
37
3807
380
3819
3830
3835
3843
3845
3848
3851
3852
3857
3864
3866
3867
3869
3871
3876
3879
3885
3894
3895
3896
38
3905
3906
3909
3911
3912
3922
3923
3925
3926
3928
392
3934
3945
3947
3955
3959
3962
3969
3972
3977
3979
3982
3983
398
3990
3992
3994
39
4005
4009
4010
4013
4014
4015
4017
4018
4019
4020
4021
402
4034
4039
403
4042
4044
404
4051
4054
4057
4059
405
4063
4064
4071
4078
4085
4088
408
4090
4098
409
40
4104
4108
4110
4111
4122
412
4137
4138
413
4145
4152
4156
4160
4161
4172
4174
4179
4189
4191
4192
4193
4195
4196
4205
4211
4214
4216
4217
4218
421
4225
4234
4235
4238
4243
4257
4262
4263
4267
426
4273
4277
4280
428
4295
4297
4305
4310
4313
4321
4327
432
4331
4335
4340
4344
4345
4352
4356
4362
4363
4379
4381
4396
4397
439
4402
4406
4407
4411
4415
4420
4422
4423
4427
4428
4433
4434
4441
4442
4443
4447
444
4455
4463
446
4474
4480
4481
4484
4487
448
4490
4492
4495
44
4511
4513
4519
451
4520
4535
453
4545
4546
4549
454
4563
4576
4583
4586
458
4591
4592
4594
4598
4599
459
45
460
4640
4652
4659
4660
4667
466
4680
4681
4687
4693
4697
4699
46
4701
4703
4705
4706
470
4710
4712
4719
472
4731
4738
4741
4742
4744
4748
474
4750
4757
475
4766
4767
476
4771
4773
4779
4788
4791
4799
479
47
4800
4806
480
4813
481
4821
4824
4830
4836
4837
483
4841
4846
4848
4853
4854
4859
4860
4863
4872
4894
4898
4899
489
4910
4915
4926
4930
4931
4936
4948
4955
4958
4959
4964
4965
4969
4973
4979
497
4991
4993
49
5000
5002
5005
5007
5009
5013
5019
5022
5023
5029
5036
5038
5039
5043
5044
5045
5049
5054
505
5060
5062
5076
5077
5082
5092
5093
5101
5104
5115
5118
5123
5132
5133
5136
5141
5147
5152
5154
5157
5163
5164
5172
517
5181
5183
5185
5186
5189
5190
5192
5198
5199
51
5217
5220
5224
5230
5233
5239
5242
5244
5245
5246
5248
5252
5261
5269
5271
5278
5280
5285
5287
5290
5293
5296
5299
52
5304
5321
5322
5325
5328
5333
5337
5339
5340
534
5350
5355
5361
5375
5379
5386
5389
5390
5393
5400
5401
5405
5412
5424
5429
542
5439
5445
544
5456
5459
5460
5463
5468
5471
5480
5487
5506
5513
5514
551
5538
5545
5561
5565
5567
5569
557
5583
55
5604
5606
5620
5628
5635
5636
5641
5649
5652
5653
5660
5661
5665
5671
5678
567
5682
5684
5688
568
569
56
5700
5703
5717
5719
5720
5723
5724
5725
5727
572
5733
5735
5740
5746
5750
5756
5765
5767
576
5772
5776
5778
5781
5784
5789
5791
5796
57
5802
5808
5809
580
5810
581
5825
5826
5831
5837
583
5840
584
5854
585
5860
5867
5874
5876
587
5886
5890
5893
5894
589
58
5906
5909
5910
5911
5913
5914
5929
5933
5935
593
5940
5949
594
5951
5952
5968
5970
5975
5977
5979
597
5980
5983
598
5993
6000
6003
6006
6009
6010
6014
6019
6025
6030
6035
6051
6060
6064
6065
6072
6076
6077
6078
6080
6081
6084
6087
6088
608
6098
6099
60
6102
6106
6111
6119
6120
6121
6126
6127
6131
6135
6138
6139
613
6145
6147
614
6153
6159
6173
6177
6178
6181
6184
6188
6196
6199
6209
6211
6221
6224
6227
622
6232
6233
6235
6242
6248
6249
6251
6254
625
6272
6276
6281
6284
6286
6288
6294
62
6300
6308
6311
6317
6323
6324
6330
6332
6333
6339
6346
6351
6352
6353
6356
6358
6364
6367
6368
636
6370
6377
6378
637
6385
6391
6395
6399
639
6402
6406
6407
6411
6415
6418
6436
6437
6446
644
6454
6458
6459
6476
6482
6484
6488
6492
6494
6499
64
6505
6506
6512
6513
6529
6531
6533
6534
6535
6538
6539
6540
6548
6549
6550
6553
6557
6563
6567
6568
6574
6575
6583
6590
6594
65
6609
6610
6614
6620
6625
6627
6636
6637
663
6643
664
6652
6660
6668
6673
6674
6676
667
6685
6686
6687
6689
6690
6694
6695
669
66
6701
6705
6707
6709
6713
6724
6726
6727
6733
6735
6741
6743
6746
6747
6749
6752
6753
6754
6758
6773
6777
6784
6788
6792
6794
6798
679
6804
6807
6818
681
6821
6836
6846
6848
6849
684
6853
6865
6875
6877
6880
6882
6883
6892
6895
6902
6906
690
6912
6913
6914
6918
6923
6924
6925
6927
6943
6945
6947
6950
6951
6954
6962
6963
6965
6967
696
6974
6978
7000
7001
7008
7009
7011
7012
7026
7030
7046
7051
7055
7059
705
7061
7062
7065
7067
7069
7073
7078
7079
708
7090
7092
7095
7096
7097
70
7107
7113
7117
711
7121
7125
7128
712
7131
7134
7135
7138
7139
713
7143
7147
7148
7150
7155
7169
716
7170
7177
7178
7188
7189
718
7190
7197
7198
7199
7205
7208
720
7215
7218
7220
7223
7226
7228
7229
7238
7239
7240
7242
7245
7246
7247
7250
7255
7263
7264
7265
726
7277
7278
727
7285
7286
728
7299
7301
7302
7307
730
7312
7313
7315
731
7320
7326
7327
7331
7333
7337
7338
7342
7346
7348
7354
7357
7360
7367
7376
737
7383
7387
7389
7391
7392
7395
7398
7402
7408
7416
7423
7424
742
7433
7436
7445
7447
7448
7460
7463
7467
7475
7478
7480
7491
7492
7495
7498
7502
7505
7507
7510
7511
7512
7514
7515
7517
7518
7520
7522
7525
7538
753
7540
7552
7553
7555
7556
7558
7559
7561
7565
7584
7585
7594
7597
75
7603
7607
7608
7609
7618
7635
7640
7644
7647
7649
7654
7657
766
7672
7679
7683
7687
7691
7699
7700
7702
7704
7708
770
7713
7717
7720
7733
7737
7739
7746
7749
774
7752
7756
7762
7764
7766
7769
7777
7780
7786
7789
778
7794
7795
7796
779
77
7800
7802
780
7816
781
7823
7825
7826
7828
782
7833
7835
7839
783
7843
7848
7859
7871
7879
7883
7886
7892
7898
789
78
7909
7912
791
7923
7925
792
7932
7938
7939
7942
7945
7946
7949
7957
7959
7962
7967
797
7981
7988
7997
8005
8006
8008
8009
8012
8014
8015
8023
8033
803
8040
8042
8044
8057
8058
8063
8066
8071
8072
8075
807
8080
8087
8088
8095
8097
8098
8108
810
8112
8118
8119
811
8123
8138
8143
8148
8152
8156
815
8163
8164
8168
8169
816
8172
8176
8180
8183
8190
8193
8194
8195
8197
8199
81
8200
8208
820
8215
8222
8225
8226
8228
8238
8240
8242
8245
8246
8250
8259
8262
8266
826
8272
8273
8291
8295
8296
829
82
8300
8302
8307
830
8312
8316
831
8321
8322
8324
8328
8329
8334
8337
8346
8347
8356
8367
836
8382
8388
8389
8392
8394
8396
839
83
8401
8410
8413
8414
8415
8419
8421
8422
8424
8425
8430
8432
8441
8443
8444
8445
8447
844
8459
845
8465
8466
8468
846
8470
8474
8476
8490
8494
8498
8499
8500
8506
850
851
8527
8531
8534
8536
8543
8544
8545
8565
8573
8575
8576
8580
8587
8590
8591
8592
85
8609
8625
8629
8630
8631
8632
8635
8644
8664
8666
8671
8675
8677
8678
8684
8687
868
8699
8705
8710
8713
8722
8725
8742
8747
8753
8758
8765
876
8770
8772
8776
8778
8786
8791
8797
8799
87
8803
8808
8820
8825
882
8838
8846
8848
884
8855
8867
886
8875
887
8887
8897
895
8975
89
9000
9022
909
90
911
915
91
921
922
923
925
927
937
93
949
94
951
956
957
960
964
969
976
978
979
982
984
985
986
98